BP: 65280
00000000
11111111

BR: 129
10000001

BN: 66
01000010

BB: 36
00100100

BQ: 8
00010000

BK: 16
00001000

 - - - -

WP: 71776119061217280
00000000
00000000
00000000
00000000
00000000
00000000
11111111

WR: 9295429630892703744
00000000
00000000
00000000
00000000
00000000
00000000
00000000
10000001

WN: 4755801206503243776
00000000
00000000
00000000
00000000
00000000
00000000
00000000
01000010

WB: 2594073385365405696
00000000
00000000
00000000
00000000
00000000
00000000
00000000
00100100

WQ: 576460752303423488
00000000
00000000
00000000
00000000
00000000
00000000
00000000
00010000

WK: 1152921504606846976
00000000
00000000
00000000
00000000
00000000
00000000
00000000
00001000